Reading file exemplos/04...

-------------------------------------------------
LP with 4 variables and 3 constraints

max  -3x1 + -4x2 +  5x3 + -5x4
s.t.  1x1 +  1x2               <=   5
     -1x1        + -5x3 +  5x4 <= -10
      2x1 +  1x2 +  1x3 + -1x4 ==  10

Variable bounds:
x >= 0


-------------------------------------------------
Standard LP with 6 variables and 3 constraints

max  -3x1 + -4x2 +  5x3 + -5x4              
s.t.  1x1 +  1x2               +  1x5        ==   5
     -1x1        + -5x3 +  5x4        +  1x6 == -10
      2x1 +  1x2 +  1x3 + -1x4               ==  10

------------------------------------------------------------------------------
Solving LP...


  Initial tableau:
     0.00  0.00  0.00 ||  3.00  4.00 -5.00  5.00  0.00  0.00 |  0.00  Basis:
    ----------------------------------------------------------------
     1.00  0.00  0.00 ||  1.00  1.00  0.00  0.00  1.00  0.00 |  5.00       5
     0.00 -1.00  0.00 ||  1.00  0.00  5.00 -5.00  0.00 -1.00 | 10.00       0
     0.00  0.00  1.00 ||  2.00  1.00  1.00 -1.00  0.00  0.00 | 10.00       0


Trivial basis was not found, starting auxiliary LP

  Original auxiliary tableau:
     0.00  0.00  0.00 ||  0.00  0.00  0.00  0.00  0.00  0.00  1.00  1.00 |  0.00  Basis:
    ----------------------------------------------------------------------------
     1.00  0.00  0.00 ||  1.00  1.00  0.00  0.00  1.00  0.00  0.00  0.00 |  5.00       5
     0.00 -1.00  0.00 ||  1.00  0.00  5.00 -5.00  0.00 -1.00  1.00  0.00 | 10.00       7
     0.00  0.00  1.00 ||  2.00  1.00  1.00 -1.00  0.00  0.00  0.00  1.00 | 10.00       8


  Auxiliary tableau in canonical form:
      0.00   1.00  -1.00 ||  -3.00  -1.00  -6.00   6.00   0.00   1.00   0.00   0.00 | -20.00  Basis:
    ----------------------------------------------------------------------------------------
      1.00   0.00   0.00 ||   1.00   1.00   0.00   0.00   1.00   0.00   0.00   0.00 |   5.00       5
      0.00  -1.00   0.00 ||   1.00   0.00   5.00  -5.00   0.00  -1.00   1.00   0.00 |  10.00       7
      0.00   0.00   1.00 ||   2.00   1.00   1.00  -1.00   0.00   0.00   0.00   1.00 |  10.00       8

---------------------------------
Optimising auxiliary tableau...

  Auxiliary tableau, iteration 1

     0.00 -0.20 -1.00 || -1.80 -1.00  0.00  0.00  0.00 -0.20  1.20  0.00 | -8.00  Basis:
    ----------------------------------------------------------------------------
     1.00  0.00  0.00 ||  1.00  1.00  0.00  0.00  1.00  0.00  0.00  0.00 |  5.00       5
     0.00 -0.20  0.00 ||  0.20  0.00  1.00 -1.00  0.00 -0.20  0.20  0.00 |  2.00       3
     0.00  0.20  1.00 ||  1.80  1.00  0.00  0.00  0.00  0.20 -0.20  1.00 |  8.00       8


  Auxiliary tableau, iteration 2

     0.00  0.00  0.00 ||  0.00  0.00  0.00  0.00  0.00  0.00  1.00  1.00 |  0.00  Basis:
    ----------------------------------------------------------------------------
     1.00 -0.11 -0.56 ||  0.00  0.44  0.00  0.00  1.00 -0.11  0.11 -0.56 |  0.56       5
     0.00 -0.22 -0.11 ||  0.00 -0.11  1.00 -1.00  0.00 -0.22  0.22 -0.11 |  1.11       3
     0.00  0.11  0.56 ||  1.00  0.56  0.00  0.00  0.00  0.11 -0.11  0.56 |  4.44       1


  Auxiliary LP solved
    Status     : optimal
    Obj. value : 0
    Solution   : [4.44 0.00 1.11 0.00 0.56 0.00 0.00 0.00]
    Certificate: [0.00 0.00 0.00]

  Original tableau after auxiliary:
     0.00  0.00  0.00 ||  3.00  4.00 -5.00  5.00  0.00  0.00 |  0.00  Basis:
    ----------------------------------------------------------------
     1.00 -0.11 -0.56 ||  0.00  0.44  0.00  0.00  1.00 -0.11 |  0.56       5
     0.00 -0.22 -0.11 ||  0.00 -0.11  1.00 -1.00  0.00 -0.22 |  1.11       3
     0.00  0.11  0.56 ||  1.00  0.56  0.00  0.00  0.00  0.11 |  4.44       1


  Tableau in canonical form:
     0.00 -1.44 -2.22 ||  0.00  1.78  0.00  0.00  0.00 -1.44 | -7.78  Basis:
    ----------------------------------------------------------------
     1.00 -0.11 -0.56 ||  0.00  0.44  0.00  0.00  1.00 -0.11 |  0.56       5
     0.00 -0.22 -0.11 ||  0.00 -0.11  1.00 -1.00  0.00 -0.22 |  1.11       3
     0.00  0.11  0.56 ||  1.00  0.56  0.00  0.00  0.00  0.11 |  4.44       1

---------------------------------
Optimising tableau...

  Tableau, iteration 1

     0.00  0.00  5.00 || 13.00  9.00  0.00  0.00  0.00  0.00 | 50.00  Basis:
    ----------------------------------------------------------------
     1.00  0.00  0.00 ||  1.00  1.00  0.00  0.00  1.00  0.00 |  5.00       5
     0.00  0.00  1.00 ||  2.00  1.00  1.00 -1.00  0.00  0.00 | 10.00       3
     0.00  1.00  5.00 ||  9.00  5.00  0.00  0.00  0.00  1.00 | 40.00       6


  LP solved
    Status     : optimal
    Obj. value : 50
    Solution   : [ 0.00  0.00 10.00  0.00  5.00 40.00]
    Certificate: [ 0.00  0.00  5.00]

--------------------------------------------------------
Solution of the original LP

  LP solved
    Status     : optimal
    Obj. value : 50
    Solution   : [ 0.00  0.00 10.00  0.00]
    Certificate: [ 0.00  0.00  5.00]
